name: my-rdkit-env
channels:
  - conda-forge
  - defaults
dependencies:
  - blas=1.0=mkl
  - boost=1.74.0=py39hefe7e4c_4
  - boost-cpp=1.74.0=h5b4e17d_5
  - bzip2=1.0.8=h8ffe710_4
  - ca-certificates=2021.10.26=haa95532_2
  - cairo=1.16.0=h15b3021_1009
  - certifi=2021.10.8=py39haa95532_0
  - cycler=0.11.0=pyhd8ed1ab_0
  - font-ttf-dejavu-sans-mono=2.37=hab24e00_0
  - font-ttf-inconsolata=3.000=h77eed37_0
  - font-ttf-source-code-pro=2.038=h77eed37_0
  - font-ttf-ubuntu=0.83=hab24e00_0
  - fontconfig=2.13.1=h1989441_1005
  - fonts-conda-ecosystem=1=0
  - fonts-conda-forge=1=0
  - freetype=2.10.4=h546665d_1
  - gettext=0.19.8.1=ha2e2712_1008
  - greenlet=1.1.2=py39h415ef7b_1
  - icc_rt=2019.0.0=h0cc432a_1
  - icu=69.1=h0e60522_0
  - intel-openmp=2021.4.0=h57928b3_3556
  - jbig=2.1=h8d14728_2003
  - jpeg=9d=h8ffe710_0
  - kiwisolver=1.3.2=py39h2e07f2f_1
  - lcms2=2.12=h2a16943_0
  - lerc=3.0=h0e60522_0
  - libblas=3.9.0=12_win64_mkl
  - libcblas=3.9.0=12_win64_mkl
  - libdeflate=1.8=h8ffe710_0
  - libffi=3.4.2=h8ffe710_5
  - libglib=2.70.0=h3be07f2_1
  - libiconv=1.16=he774522_0
  - liblapack=3.9.0=12_win64_mkl
  - libpng=1.6.37=h1d00b33_2
  - libtiff=4.3.0=hd413186_2
  - libxml2=2.9.12=hf5bbc77_1
  - libzlib=1.2.11=h8ffe710_1013
  - lz4-c=1.9.3=h8ffe710_1
  - matplotlib-base=3.4.3=py39h581301d_1
  - mkl=2021.4.0=h0e2418a_729
  - mkl-service=2.4.0=py39h2bbff1b_0
  - networkx=2.6.3=pyhd3eb1b0_0
  - numpy=1.21.4=py39h6635163_0
  - olefile=0.46=pyh9f0ad1d_1
  - openjpeg=2.4.0=hb211442_1
  - openssl=3.0.0=h8ffe710_2
  - pandas=1.3.4=py39h2e25243_1
  - pcre=8.45=h0e60522_0
  - pillow=8.3.2=py39h916092e_0
  - pip=21.3.1=pyhd8ed1ab_0
  - pixman=0.40.0=h8ffe710_0
  - pycairo=1.20.1=py39h1f09dad_1
  - pyparsing=3.0.5=pyhd8ed1ab_0
  - python=3.9.7=h900ac77_3_cpython
  - python-dateutil=2.8.2=pyhd8ed1ab_0
  - python_abi=3.9=2_cp39
  - pytz=2021.3=pyhd8ed1ab_0
  - rdkit=2021.09.2=py39hfadf033_0
  - reportlab=3.5.68=py39h12d40c5_0
  - scipy=1.7.1=py39hbe87c03_2
  - setuptools=58.5.3=py39hcbf5309_0
  - six=1.16.0=pyh6c4a22f_0
  - sqlalchemy=1.4.26=py39hb82d6ee_1
  - sqlite=3.36.0=h8ffe710_2
  - tbb=2021.4.0=h2d74725_1
  - tk=8.6.11=h8ffe710_1
  - tornado=6.1=py39hb82d6ee_2
  - tzdata=2021e=he74cb21_0
  - ucrt=10.0.20348.0=h57928b3_0
  - vc=14.2=hb210afc_5
  - vs2015_runtime=14.29.30037=h902a5da_5
  - wheel=0.37.0=pyhd8ed1ab_1
  - xz=5.2.5=h62dcd97_1
  - zlib=1.2.11=h8ffe710_1013
  - zstd=1.5.0=h6255e5f_0
  - pip:
    - charset-normalizer==2.0.7
    - docopt==0.6.2
    - idna==3.3
    - pipreqs==0.4.11
    - requests==2.26.0
    - urllib3==1.26.7
    - yarg==0.1.9
prefix: C:\Users\ixenr\.conda\envs\my-rdkit-env
